# 2013 459 0
# 2014 465 1
# 2015 556 2
# 2016 477 3
# 2017 683 4
# 2018 977 5
# 2019 185 6
# 2020 208 7
# 2021 300 8
# 2022 340 9
# 2023 628 10
0 0 1
2 1 1
5 2 1
4 3 1
5 4 1
2 5 1
3 5 1
1 6 1
5 6 1
6 7 2
5 8 1
7 8 3
5 9 1
10 10 1
5 11 1
0 12 1
5 13 1
9 14 2
4 15 1
1 16 1
5 17 3
5 18 1
7 19 2
8 20 2
3 21 1
0 22 1
10 23 1
5 24 1
5 25 1
2 26 1
3 27 1
10 28 1
5 29 1
2 30 1
2 31 1
5 32 1
0 33 1
10 34 1
1 35 1
10 36 1
4 37 1
9 38 2
10 39 1
2 40 1
4 41 1
0 42 1
1 43 1
2 44 1
2 45 1
3 45 1
2 46 1
1 47 1
9 48 2
3 49 1
2 50 1
1 51 1
0 52 1
4 53 1
4 54 1
5 54 1
5 55 1
4 56 1
0 57 1
2 58 1
4 59 1
9 60 3
3 61 1
4 61 1
1 62 1
5 63 1
0 64 1
4 64 1
3 65 1
5 66 2
5 67 1
2 68 1
1 69 1
4 70 1
8 71 2
1 72 1
2 73 1
4 74 1
1 75 1
10 76 1
5 77 1
3 78 1
10 79 1
4 80 1
10 81 1
2 82 1
0 83 1
9 84 2
10 85 2
2 86 1
4 87 1
7 88 2
8 88 2
9 89 2
5 90 1
1 91 1
2 92 1
6 92 3
9 92 2
5 93 1
5 94 1
4 95 1
2 96 1
3 97 1
5 98 1
10 99 1
1 100 1
9 101 2
4 102 1
1 103 1
1 104 1
5 105 1
5 106 1
5 107 1
5 108 1
1 109 1
5 110 1
5 111 1
1 112 1
10 113 1
5 114 1
2 115 1
4 116 1
9 117 2
10 118 1
3 119 1
5 120 1
3 121 1
5 122 1
0 123 1
4 124 1
4 125 1
10 126 1
1 127 1
4 128 1
2 129 1
4 129 1
6 129 2
2 130 1
6 131 2
8 132 2
10 133 1
4 134 1
4 135 1
9 136 2
3 137 1
2 138 1
2 139 1
4 140 1
0 141 1
2 142 1
5 143 1
0 144 1
5 145 1
3 146 1
5 147 1
4 148 1
8 149 2
5 150 1
2 151 1
5 152 1
2 153 1
2 154 1
2 155 1
2 156 1
4 157 1
10 158 1
0 159 1
0 160 1
1 160 1
10 161 1
10 162 1
4 163 1
4 164 1
4 165 1
3 166 1
4 167 1
5 168 1
2 169 1
5 170 1
10 171 1
1 172 1
7 173 2
3 174 1
5 174 1
4 175 2
5 176 1
0 177 1
3 178 1
10 179 1
6 180 2
5 181 1
10 182 1
1 183 1
5 184 1
4 185 1
10 186 1
0 187 1
0 188 1
5 188 1
4 189 1
0 190 1
10 191 1
0 192 1
10 193 1
4 194 1
5 194 1
0 195 1
2 196 1
3 196 5
4 196 1
3 197 1
4 197 1
5 197 1
6 198 2
8 199 2
6 200 2
4 201 1
3 202 1
3 203 1
0 204 1
5 205 1
5 206 1
2 207 1
3 208 1
4 209 1
5 209 1
4 210 1
8 211 2
5 212 1
5 213 1
10 214 1
10 215 1
4 216 1
5 217 1
5 218 1
1 219 1
1 220 1
5 221 1
5 222 1
0 223 1
0 224 1
1 225 1
2 226 1
5 227 1
3 228 1
0 229 1
3 230 1
0 231 1
4 232 1
4 233 1
0 234 1
3 235 1
4 236 2
5 237 1
3 238 1
5 239 1
10 240 1
1 241 1
1 242 1
2 243 1
5 244 1
3 245 1
4 246 1
5 247 1
5 248 1
0 249 1
3 250 1
5 251 1
3 252 1
5 253 1
1 254 1
2 255 1
3 255 1
10 256 1
2 257 1
0 258 1
10 259 1
8 260 2
10 261 1
3 262 1
4 262 1
0 263 1
4 264 1
3 265 2
10 266 1
2 267 1
3 268 1
3 269 1
10 270 1
1 271 1
7 272 2
8 273 2
10 274 1
4 275 1
0 276 1
5 277 1
5 278 1
5 279 1
5 280 1
8 281 2
5 282 1
3 283 1
2 284 1
10 285 1
5 286 1
9 287 2
2 288 1
3 288 2
4 289 1
10 290 1
6 291 2
5 292 1
5 293 1
10 294 1
2 295 1
10 296 1
5 297 1
7 298 2
9 298 2
3 299 1
5 300 1
9 300 2
5 301 1
10 302 1
3 303 1
3 304 1
2 305 1
3 305 1
10 306 1
5 307 1
5 308 1
1 309 1
5 310 1
5 311 1
5 312 1
1 313 1
3 314 1
3 315 1
5 316 1
1 317 1
1 318 1
5 319 1
1 320 1
5 321 1
5 322 1
4 323 1
10 324 1
2 325 1
4 326 1
9 327 2
0 328 1
5 329 1
5 330 1
10 331 1
7 332 2
3 333 1
8 334 2
10 334 1
2 335 1
7 336 2
1 337 1
2 338 1
0 339 1
3 339 1
0 340 1
4 341 1
5 342 1
5 343 1
9 344 2
10 344 1
8 345 2
9 345 2
10 346 1
4 347 1
4 348 1
3 349 1
5 349 2
1 350 3
2 350 1
4 350 1
6 350 2
8 350 2
1 351 1
10 352 1
1 353 1
7 354 2
9 354 2
2 355 1
10 356 1
3 357 1
1 358 1
10 359 1
6 360 2
0 361 1
0 362 1
1 362 1
3 362 1
4 362 2
5 362 1
7 362 4
1 363 1
5 364 1
5 365 1
4 366 1
0 367 1
1 368 1
3 369 1
4 370 1
0 371 1
3 372 1
0 373 1
2 374 1
5 375 1
0 376 1
10 377 1
5 378 1
3 379 1
8 380 2
0 381 1
4 382 1
1 383 1
3 383 2
3 384 1
5 385 1
10 386 1
2 387 1
2 388 1
1 389 1
1 390 1
5 391 1
3 392 1
4 392 2
8 392 4
9 392 3
5 393 1
1 394 1
0 395 1
3 396 1
1 397 1
1 398 1
10 399 1
0 400 1
2 401 1
5 402 1
10 403 1
2 404 1
3 405 1
4 406 1
4 407 1
1 408 1
0 409 1
0 410 1
3 410 1
2 411 1
2 412 1
1 413 1
2 413 1
3 413 1
4 413 3
5 413 3
7 413 5
8 413 2
9 413 3
5 414 1
7 415 2
5 416 1
1 417 1
3 418 1
5 419 1
2 420 1
0 421 1
0 422 1
2 423 1
5 424 1
3 425 1
5 426 1
2 427 1
3 428 1
2 429 1
4 430 1
5 431 2
6 431 3
10 431 1
5 432 1
6 432 2
5 433 1
10 434 1
0 435 1
5 436 1
5 437 1
5 438 1
10 439 1
0 440 1
2 441 1
10 442 1
0 443 1
10 444 1
5 445 1
4 446 1
3 447 1
4 448 1
5 449 1
5 450 1
5 451 1
0 452 1
10 453 1
1 454 1
2 455 2
4 455 1
5 455 3
7 455 3
2 456 1
4 457 1
10 457 1
5 458 1
2 459 1
5 460 1
10 461 1
4 462 1
5 463 1
5 464 1
5 465 1
4 466 1
9 467 2
0 468 1
3 469 1
0 470 1
5 470 1
8 471 2
5 472 1
5 473 1
4 474 1
0 475 1
0 476 1
1 477 1
4 478 1
0 479 1
1 480 1
4 481 2
5 481 1
7 481 3
5 482 1
10 483 1
1 484 1
10 485 1
5 486 1
8 486 3
1 487 1
8 488 2
10 489 1
10 490 1
4 491 1
2 492 1
0 493 1
3 494 1
5 495 1
3 496 1
2 497 1
4 498 1
3 499 4
4 499 1
5 500 1
6 501 2
0 502 1
4 503 1
10 504 1
5 505 1
9 505 2
10 505 1
2 506 1
10 507 1
4 508 1
4 509 1
3 510 1
5 511 1
4 512 3
2 513 1
10 514 1
5 515 1
6 516 2
2 517 1
4 518 1
1 519 1
3 519 1
4 519 1
4 520 1
0 521 1
3 522 1
4 523 1
0 524 1
5 525 1
5 526 1
0 527 1
4 528 1
2 529 1
3 530 1
7 531 2
4 532 1
4 533 1
1 534 1
8 535 2
8 536 2
0 537 1
1 538 1
4 539 1
7 539 2
4 540 1
9 541 2
4 542 1
1 543 1
2 544 1
2 545 1
10 545 1
2 546 1
2 547 1
7 548 2
1 549 1
4 550 1
5 551 1
4 552 1
8 553 2
9 554 2
1 555 1
1 556 1
5 557 1
6 557 2
2 558 1
5 558 1
3 559 1
4 560 1
2 561 1
0 562 1
1 563 1
3 564 2
0 565 1
10 566 1
4 567 1
10 568 1
0 569 1
4 570 1
6 570 2
10 570 1
5 571 1
4 572 1
5 573 1
0 574 1
9 575 2
5 576 1
3 577 1
5 577 1
8 577 2
4 578 1
5 579 1
5 580 1
1 581 1
5 582 1
0 583 1
3 583 2
3 584 1
4 585 1
5 586 1
3 587 1
4 588 1
6 588 2
4 589 1
10 590 1
5 591 1
5 592 1
10 592 1
10 593 1
10 594 1
3 595 1
2 596 1
8 597 2
10 598 1
0 599 1
4 600 1
10 601 1
5 602 1
10 603 1
5 604 1
8 605 2
2 606 1
1 607 1
4 608 1
3 609 1
4 609 1
8 609 4
2 610 1
2 611 1
3 612 1
0 613 1
5 613 1
2 614 1
3 615 1
4 616 1
5 617 1
4 618 1
5 619 1
10 620 1
4 621 1
7 621 4
5 622 1
0 623 1
5 624 1
10 625 1
10 626 1
5 627 1
5 628 1
10 629 1
5 630 1
8 631 4
1 632 1
2 633 1
9 634 2
1 635 1
10 636 1
2 637 1
9 638 2
0 639 1
4 639 1
3 640 1
1 641 1
0 642 1
5 643 1
5 644 1
10 645 1
0 646 1
1 647 1
2 647 1
3 648 1
10 649 1
1 650 1
3 651 1
0 652 1
0 653 1
0 654 1
5 655 1
5 656 1
0 657 1
4 657 1
2 658 1
5 659 1
3 660 1
10 661 1
2 662 1
1 663 1
10 664 1
0 665 1
5 665 1
5 666 1
5 667 1
9 668 2
10 669 1
2 670 1
1 671 1
1 672 1
9 673 2
4 674 1
2 675 1
5 676 1
8 677 2
5 678 1
3 679 1
4 680 1
10 681 1
8 682 2
3 683 1
4 684 1
4 685 1
2 686 1
1 687 1
2 687 1
4 687 1
5 688 1
5 689 1
0 690 1
3 691 1
3 692 1
1 693 1
5 694 1
3 695 2
10 696 1
1 697 1
1 698 1
0 699 1
1 700 1
3 701 1
2 702 1
3 702 1
5 703 1
10 704 1
4 705 1
5 706 1
2 707 1
7 708 2
1 709 1
2 709 1
10 710 1
2 711 1
5 712 2
6 713 2
4 714 1
1 715 1
2 716 1
7 717 2
10 718 1
1 719 1
0 720 1
1 721 1
4 722 1
5 723 1
9 724 2
4 725 1
5 726 1
10 727 1
5 728 1
4 729 1
5 730 1
10 731 1
2 732 1
3 733 1
1 734 1
10 735 1
10 736 1
4 737 1
3 738 1
1 739 1
0 740 1
4 741 1
5 742 1
1 743 1
1 744 1
2 744 2
3 744 1
10 745 1
10 746 1
4 747 1
5 748 1
10 749 1
6 750 2
10 751 1
10 752 1
10 753 1
2 754 1
10 755 1
0 756 1
3 757 1
9 758 2
5 759 1
9 759 2
0 760 1
0 761 1
0 762 1
1 762 1
6 763 2
1 764 1
2 765 1
0 766 1
5 767 1
4 768 1
3 769 1
10 770 1
10 771 1
8 772 2
1 773 1
0 774 1
3 775 1
5 775 1
10 775 2
6 776 2
5 777 2
5 778 1
5 779 1
7 779 3
9 779 3
1 780 1
5 781 1
0 782 1
5 783 1
2 784 1
4 785 1
9 786 2
3 787 1
8 788 2
10 789 1
5 790 1
5 791 1
0 792 1
3 793 1
5 794 1
1 795 1
1 796 1
5 797 1
1 798 1
4 799 1
5 800 1
5 801 1
4 802 1
0 803 1
3 804 1
10 805 1
2 806 1
5 806 1
2 807 1
5 808 1
0 809 1
10 810 1
2 811 1
5 812 1
3 813 1
5 814 1
10 815 1
10 816 1
1 817 1
3 818 1
4 819 1
2 820 2
2 821 1
5 822 1
4 823 1
5 824 1
4 825 1
2 826 2
2 827 1
1 828 1
5 829 1
0 830 1
0 831 1
10 831 1
4 832 1
8 833 2
1 834 1
10 835 1
0 836 1
3 837 1
8 837 2
5 838 1
1 839 1
1 840 1
4 841 1
3 842 1
0 843 1
4 844 1
5 845 1
10 846 1
10 847 1
1 848 1
2 848 1
5 849 1
9 850 2
0 851 1
3 852 1
0 853 1
3 854 1
4 854 1
5 854 1
8 855 2
0 856 1
1 857 1
5 858 1
5 859 1
0 860 1
1 861 1
5 862 1
0 863 1
2 863 1
5 864 1
5 865 1
0 866 1
5 867 1
1 868 1
7 869 2
10 870 1
0 871 1
1 872 1
1 873 1
3 874 1
5 875 1
0 876 1
4 877 1
10 878 1
10 879 1
4 880 1
5 881 1
5 882 1
4 883 1
0 884 1
0 885 1
5 886 1
5 887 1
5 888 1
2 889 1
1 890 1
5 891 1
5 892 1
4 893 1
2 894 1
10 895 1
0 896 1
4 897 1
5 898 1
5 899 1
10 900 1
8 901 2
4 902 1
1 903 1
4 904 1
2 905 1
5 906 1
4 907 1
5 908 1
0 909 1
10 910 1
5 911 1
5 912 1
10 913 1
0 914 1
5 915 1
7 916 2
8 916 2
5 917 1
5 918 1
3 919 1
5 920 1
4 921 1
5 922 1
1 923 1
2 923 1
6 923 2
8 923 2
3 924 1
1 925 1
10 926 1
10 927 1
10 928 1
10 929 1
10 930 1
10 931 1
3 932 1
2 933 1
5 934 1
2 935 1
3 936 1
2 937 1
3 938 1
4 939 1
1 940 1
2 941 1
0 942 1
5 943 1
1 944 1
2 944 1
4 944 1
10 945 1
0 946 1
5 947 1
3 948 1
10 949 1
1 950 1
0 951 1
3 952 2
5 953 1
10 954 1
5 955 1
2 956 1
5 957 1
2 958 1
5 959 1
4 960 1
4 961 1
4 962 1
10 963 1
0 964 1
4 965 1
8 966 2
0 967 1
2 968 1
5 969 1
5 970 1
10 971 1
4 972 1
4 973 1
10 974 1
5 975 1
5 976 1
4 977 1
5 978 1
5 979 1
2 980 1
4 981 1
5 982 1
10 983 1
0 984 1
2 985 1
1 986 1
1 987 1
2 987 1
2 988 1
4 989 1
1 990 1
10 991 1
0 992 1
5 993 1
9 994 3
2 995 1
10 996 1
2 997 2
3 997 1
4 997 1
2 998 1
3 998 1
9 999 2
0 1000 1
3 1000 1
3 1001 1
5 1002 1
9 1003 2
0 1004 1
10 1005 1
5 1006 1
7 1007 2
3 1008 1
4 1008 1
4 1009 1
2 1010 1
3 1010 1
4 1010 1
5 1010 1
0 1011 1
5 1012 1
10 1013 1
10 1014 1
1 1015 1
4 1016 1
5 1017 1
10 1018 1
4 1019 1
5 1020 1
2 1021 1
3 1021 1
2 1022 1
0 1023 1
5 1024 2
0 1025 1
1 1026 1
4 1027 1
0 1028 1
4 1029 1
1 1030 1
2 1031 1
4 1032 1
4 1033 1
5 1034 1
6 1034 3
7 1034 2
9 1034 2
5 1035 1
0 1036 1
2 1036 1
3 1036 1
4 1036 1
0 1037 1
0 1038 1
1 1039 1
10 1040 1
5 1041 1
2 1042 1
5 1042 1
10 1043 1
0 1044 1
10 1045 1
4 1046 1
5 1047 1
9 1048 2
2 1049 1
10 1050 1
2 1051 1
5 1052 1
5 1053 1
1 1054 1
0 1055 1
4 1056 1
2 1057 1
4 1058 1
5 1059 1
2 1060 1
9 1061 2
4 1062 1
5 1063 1
9 1064 2
0 1065 1
0 1066 1
10 1067 1
0 1068 1
2 1068 1
3 1069 1
5 1070 1
3 1071 1
7 1072 2
5 1073 1
4 1074 1
10 1075 1
2 1076 1
4 1077 1
9 1078 2
10 1078 1
1 1079 1
10 1080 1
6 1081 2
5 1082 1
0 1083 1
5 1083 1
5 1084 1
10 1085 1
3 1086 1
5 1087 1
2 1088 1
3 1088 1
5 1088 1
4 1089 1
2 1090 1
4 1091 1
5 1092 1
4 1093 1
1 1094 1
4 1095 1
4 1096 1
1 1097 1
1 1098 1
2 1098 1
3 1098 1
4 1098 1
5 1098 4
6 1098 3
7 1098 3
8 1098 2
2 1099 1
4 1099 2
4 1100 1
0 1101 1
9 1102 2
5 1103 1
2 1104 1
3 1105 1
1 1106 1
5 1107 1
10 1108 1
4 1109 1
5 1110 1
5 1111 1
2 1112 1
1 1113 1
5 1114 1
2 1115 1
5 1116 1
3 1117 1
10 1118 1
10 1119 1
1 1120 2
2 1120 1
4 1120 1
1 1121 1
5 1122 1
3 1123 1
1 1124 1
5 1125 1
5 1126 1
10 1127 1
0 1128 1
5 1129 1
5 1130 1
4 1131 1
4 1132 1
10 1133 1
0 1134 1
4 1135 1
8 1136 3
5 1137 1
5 1138 1
10 1138 1
10 1139 1
1 1140 1
3 1141 1
4 1142 1
5 1143 1
1 1144 1
3 1145 1
4 1145 1
1 1146 1
1 1147 1
2 1148 1
4 1149 1
5 1150 1
10 1150 1
10 1151 1
1 1152 1
5 1153 1
4 1154 1
3 1155 1
10 1156 1
2 1157 1
9 1158 2
5 1159 1
1 1160 1
3 1161 1
1 1162 1
5 1163 1
0 1164 1
5 1165 1
9 1166 2
5 1167 1
10 1168 1
3 1169 1
8 1170 2
2 1171 1
5 1172 1
9 1173 2
0 1174 1
10 1175 1
2 1176 1
9 1177 2
10 1177 1
0 1178 1
1 1179 1
2 1180 1
10 1181 1
5 1182 1
10 1183 1
1 1184 1
2 1185 2
5 1186 1
4 1187 1
5 1187 2
5 1188 1
4 1189 1
4 1190 1
5 1191 1
10 1192 1
2 1193 1
5 1194 1
2 1195 1
10 1196 1
10 1197 1
2 1198 1
3 1199 1
5 1200 1
1 1201 1
2 1202 1
0 1203 1
2 1203 1
0 1204 1
3 1205 1
2 1206 1
4 1207 1
8 1208 2
0 1209 1
10 1210 1
0 1211 1
2 1212 1
5 1212 1
4 1213 1
5 1214 2
5 1215 1
5 1216 1
1 1217 1
4 1218 1
9 1218 2
5 1219 1
10 1220 1
5 1221 1
0 1222 1
10 1223 1
10 1224 1
5 1225 1
3 1226 1
4 1227 1
2 1228 1
4 1229 1
5 1229 2
6 1229 3
7 1229 2
9 1229 4
1 1230 1
3 1231 1
2 1232 1
7 1233 2
6 1234 2
6 1235 2
8 1236 2
5 1237 1
1 1238 1
10 1239 1
2 1240 1
6 1240 2
8 1240 2
0 1241 1
2 1242 1
4 1242 1
1 1243 1
2 1243 1
3 1243 1
10 1244 1
10 1245 1
8 1246 2
3 1247 1
10 1248 1
4 1249 1
5 1250 1
0 1251 1
3 1252 1
9 1253 2
3 1254 1
4 1255 1
10 1256 1
1 1257 1
5 1258 1
6 1259 2
10 1260 1
8 1261 2
5 1262 1
1 1263 1
2 1263 1
4 1264 1
5 1265 1
3 1266 1
0 1267 1
2 1268 1
2 1269 1
5 1270 1
10 1271 1
0 1272 1
4 1273 1
10 1274 1
3 1275 1
5 1276 1
10 1277 1
4 1278 1
5 1279 1
8 1280 2
2 1281 1
10 1282 1
0 1283 1
2 1283 1
2 1284 1
10 1285 1
3 1286 1
9 1287 2
10 1288 1
0 1289 1
1 1290 1
5 1291 1
0 1292 1
10 1293 1
10 1294 1
4 1295 1
5 1296 1
1 1297 1
0 1298 1
1 1299 1
3 1300 1
3 1301 1
2 1302 1
5 1303 1
10 1303 1
5 1304 1
1 1305 1
8 1306 2
4 1307 1
5 1308 1
0 1309 1
5 1310 1
5 1311 1
1 1312 1
10 1313 1
10 1314 1
2 1315 1
0 1316 1
10 1317 1
2 1318 1
3 1318 1
3 1319 1
4 1320 1
4 1321 1
5 1322 1
5 1323 1
10 1324 1
6 1325 2
4 1326 1
5 1327 1
4 1328 1
0 1329 1
2 1330 1
1 1331 1
5 1332 1
8 1333 2
0 1334 1
2 1335 1
2 1336 1
3 1336 1
5 1337 1
3 1338 1
5 1339 1
5 1340 1
9 1341 2
3 1342 1
0 1343 1
5 1344 1
2 1345 1
10 1346 1
4 1347 1
10 1348 2
4 1349 1
9 1350 4
10 1350 1
10 1351 1
5 1352 1
0 1353 1
2 1354 1
3 1355 1
5 1356 1
6 1357 2
4 1358 1
0 1359 1
5 1360 1
5 1361 1
3 1362 1
5 1363 1
5 1364 1
8 1365 2
3 1366 1
5 1367 1
4 1368 1
0 1369 1
3 1370 1
1 1371 1
10 1372 1
1 1373 1
3 1374 1
5 1375 2
5 1376 1
0 1377 1
4 1378 1
8 1379 2
10 1380 1
0 1381 1
2 1381 1
10 1381 1
10 1382 1
1 1383 1
4 1384 1
5 1384 1
4 1385 1
10 1386 1
4 1387 1
5 1387 1
5 1388 1
4 1389 1
5 1389 1
5 1390 1
2 1391 1
3 1391 1
4 1392 1
3 1393 1
4 1394 1
2 1395 1
2 1396 1
1 1397 1
0 1398 1
1 1398 1
2 1398 1
3 1398 2
4 1398 2
4 1399 1
2 1400 1
5 1401 1
0 1402 1
2 1403 1
1 1404 1
8 1405 2
9 1405 2
5 1406 1
5 1407 1
4 1408 1
7 1408 3
10 1409 1
10 1410 1
5 1411 1
3 1412 2
2 1413 1
5 1414 1
10 1415 1
4 1416 1
9 1417 2
3 1418 1
2 1419 1
10 1420 1
10 1421 1
6 1422 2
6 1423 2
9 1423 2
2 1424 1
0 1425 1
5 1426 1
10 1427 1
0 1428 1
4 1429 1
10 1430 1
2 1431 1
4 1431 1
5 1431 1
5 1432 1
2 1433 1
10 1434 1
0 1435 1
1 1436 1
1 1437 2
0 1438 1
10 1439 2
0 1440 1
0 1441 1
5 1442 1
4 1443 1
5 1444 1
4 1445 1
4 1446 1
3 1447 1
0 1448 1
1 1448 1
6 1449 2
2 1450 1
10 1451 1
5 1452 1
4 1453 1
0 1454 1
5 1455 1
7 1455 2
4 1456 1
5 1457 1
10 1458 1
5 1459 1
0 1460 1
5 1461 1
10 1462 1
3 1463 1
4 1464 1
5 1465 1
2 1466 1
10 1467 1
1 1468 1
10 1469 1
4 1470 1
1 1471 1
0 1472 1
5 1473 1
10 1474 1
2 1475 1
2 1476 1
5 1477 4
4 1478 1
5 1479 1
3 1480 1
9 1481 2
9 1482 2
5 1483 1
2 1484 1
5 1485 1
5 1486 1
1 1487 1
5 1488 1
4 1489 1
10 1490 1
0 1491 1
5 1492 1
0 1493 3
1 1493 1
2 1493 3
4 1493 1
5 1493 5
7 1493 2
3 1494 1
4 1495 1
8 1495 2
3 1496 1
5 1497 1
1 1498 1
10 1499 1
9 1500 2
1 1501 1
3 1502 1
3 1503 1
3 1504 1
5 1505 1
5 1506 1
1 1507 1
4 1508 1
5 1509 1
10 1510 1
5 1511 1
5 1512 1
8 1513 2
8 1514 2
1 1515 1
5 1516 1
6 1517 3
8 1517 2
4 1518 1
10 1519 1
10 1520 1
1 1521 1
5 1522 1
2 1523 1
3 1523 1
7 1523 2
3 1524 1
5 1525 1
8 1526 2
2 1527 1
2 1528 1
5 1529 1
0 1530 1
3 1531 1
4 1532 1
2 1533 1
2 1534 1
0 1535 1
2 1536 1
5 1537 1
2 1538 1
4 1539 1
1 1540 1
1 1541 1
2 1541 1
1 1542 1
2 1542 1
3 1542 1
4 1542 1
1 1543 1
10 1544 1
7 1545 2
10 1546 1
0 1547 1
1 1547 2
2 1547 1
3 1547 1
4 1547 1
8 1547 3
1 1548 1
5 1549 1
1 1550 1
10 1551 1
10 1552 1
5 1553 1
10 1553 1
5 1554 1
10 1555 1
0 1556 1
1 1557 1
4 1558 1
4 1559 1
0 1560 1
5 1561 1
10 1562 1
5 1563 1
4 1564 1
3 1565 1
4 1566 1
8 1567 2
9 1567 4
2 1568 1
10 1569 1
7 1570 2
3 1571 1
5 1572 1
0 1573 1
5 1574 1
10 1575 1
3 1576 1
3 1577 1
0 1578 1
2 1579 1
4 1580 1
4 1581 1
5 1582 1
5 1583 1
2 1584 1
2 1585 1
4 1585 1
7 1586 2
4 1587 1
2 1588 1
10 1589 1
10 1590 1
0 1591 1
5 1591 1
0 1592 1
9 1593 2
10 1594 1
2 1595 1
4 1596 1
4 1597 1
5 1597 1
4 1598 1
5 1599 1
0 1600 1
2 1601 1
2 1602 1
2 1603 1
1 1604 1
4 1605 1
1 1606 1
1 1607 1
10 1608 1
5 1609 1
2 1610 1
10 1611 1
4 1612 1
3 1613 1
3 1614 1
4 1615 1
5 1616 1
2 1617 1
1 1618 1
2 1618 1
2 1619 1
10 1620 2
10 1621 1
10 1622 1
6 1623 2
3 1624 1
3 1625 1
10 1626 1
0 1627 1
0 1628 1
2 1629 1
1 1630 2
3 1630 1
4 1630 1
10 1630 1
5 1631 1
10 1632 1
10 1633 1
10 1634 1
0 1635 1
4 1635 1
3 1636 1
5 1637 1
10 1638 1
1 1639 1
1 1640 1
5 1641 1
5 1642 1
4 1643 1
4 1644 1
4 1645 1
2 1646 1
2 1647 1
1 1648 1
2 1649 1
2 1650 1
10 1651 1
4 1652 2
4 1653 1
5 1654 1
2 1655 1
10 1656 1
2 1657 1
8 1658 2
0 1659 1
1 1660 1
5 1661 1
3 1662 1
1 1663 1
5 1664 1
5 1665 1
4 1666 1
3 1667 1
2 1668 1
4 1669 1
5 1670 1
4 1671 1
10 1672 1
5 1673 1
1 1674 1
1 1675 1
4 1676 1
10 1677 1
4 1678 1
2 1679 1
5 1680 1
1 1681 1
4 1682 1
9 1683 2
10 1684 1
2 1685 1
5 1686 1
10 1687 1
10 1688 1
3 1689 1
1 1690 2
2 1690 1
4 1690 1
4 1691 1
8 1692 4
9 1692 3
10 1693 1
5 1694 1
5 1695 1
10 1696 1
3 1697 1
4 1697 1
10 1698 1
2 1699 1
10 1700 1
10 1701 1
9 1702 2
4 1703 1
2 1704 1
2 1705 1
2 1706 1
8 1707 3
10 1708 1
5 1709 1
5 1710 1
2 1711 1
4 1712 1
10 1713 1
2 1714 1
9 1715 2
0 1716 1
2 1717 1
10 1717 1
5 1718 1
5 1719 1
2 1720 1
3 1720 1
0 1721 1
5 1722 1
5 1723 1
0 1724 1
10 1725 1
1 1726 1
1 1727 1
1 1728 1
10 1729 1
5 1730 1
1 1731 1
5 1731 1
5 1732 1
9 1733 2
0 1734 1
5 1735 1
10 1736 1
5 1737 1
7 1738 2
2 1739 1
10 1740 1
0 1741 1
3 1741 1
10 1742 1
5 1743 2
5 1744 1
5 1745 1
1 1746 1
4 1747 1
1 1748 1
9 1749 2
1 1750 3
2 1750 1
4 1750 1
4 1751 1
5 1751 1
5 1752 1
5 1753 1
5 1754 1
4 1755 1
5 1756 1
0 1757 1
0 1758 1
5 1759 1
2 1760 1
10 1761 1
0 1762 1
4 1763 1
5 1764 1
10 1765 1
5 1766 1
3 1767 1
0 1768 1
3 1769 1
4 1769 1
5 1770 1
1 1771 1
3 1772 1
0 1773 1
4 1774 1
4 1775 1
3 1776 1
1 1777 1
2 1778 1
3 1779 2
5 1779 1
2 1780 1
1 1781 1
0 1782 1
5 1783 1
4 1784 1
5 1785 1
10 1786 1
4 1787 2
10 1788 1
0 1789 1
0 1790 1
5 1791 1
4 1792 1
5 1793 1
5 1794 1
3 1795 1
3 1796 1
0 1797 1
8 1798 2
2 1799 1
4 1800 1
1 1801 1
4 1801 2
7 1801 2
8 1801 2
4 1802 1
5 1803 1
10 1804 1
4 1805 1
0 1806 1
5 1807 1
4 1808 1
0 1809 1
5 1809 1
1 1810 1
2 1811 1
10 1812 1
1 1813 1
2 1814 1
3 1815 1
4 1816 1
5 1817 1
4 1818 1
1 1819 1
5 1819 1
0 1820 1
1 1820 1
4 1821 1
2 1822 1
1 1823 1
1 1824 1
3 1825 1
4 1826 1
1 1827 1
5 1828 1
2 1829 1
4 1830 1
5 1831 1
4 1832 1
2 1833 1
1 1834 1
2 1835 1
5 1836 1
8 1837 2
10 1838 1
5 1839 1
10 1840 1
2 1841 1
5 1842 1
3 1843 1
1 1844 1
5 1845 1
10 1846 1
10 1847 1
5 1848 1
10 1849 1
1 1850 1
0 1851 1
3 1852 1
1 1853 1
2 1854 1
4 1854 1
4 1855 1
5 1856 1
5 1857 1
3 1858 1
2 1859 3
4 1859 1
5 1859 1
3 1860 1
5 1861 1
4 1862 1
1 1863 1
7 1864 2
2 1865 1
10 1866 1
3 1867 1
3 1868 1
4 1869 1
5 1870 1
5 1871 1
5 1872 1
10 1873 1
9 1874 2
10 1875 1
6 1876 4
10 1877 1
4 1878 1
6 1878 2
9 1878 2
10 1879 1
0 1880 1
5 1881 1
1 1882 1
5 1883 1
3 1884 1
1 1885 1
10 1886 1
10 1887 1
1 1888 1
10 1889 1
0 1890 1
4 1891 1
4 1892 1
5 1892 1
5 1893 1
4 1894 1
5 1895 1
1 1896 1
3 1897 1
4 1898 1
0 1899 1
1 1899 1
5 1899 1
2 1900 1
4 1901 1
3 1902 1
1 1903 1
0 1904 1
0 1905 1
1 1906 1
2 1907 1
0 1908 1
4 1909 1
5 1909 1
4 1910 1
5 1910 2
3 1911 1
4 1912 1
10 1913 1
2 1914 1
3 1915 1
9 1916 2
10 1916 1
1 1917 1
5 1918 1
3 1919 1
1 1920 1
2 1920 1
1 1921 1
2 1921 1
2 1922 1
0 1923 1
0 1924 1
0 1925 1
3 1926 1
1 1927 1
10 1928 1
5 1929 1
2 1930 1
5 1930 1
4 1931 1
0 1932 1
0 1933 1
9 1934 2
3 1935 1
1 1936 1
6 1937 2
5 1938 1
10 1939 1
0 1940 2
4 1941 1
10 1942 1
5 1943 1
9 1943 2
4 1944 1
2 1945 1
4 1945 1
1 1946 1
5 1947 1
10 1948 1
0 1949 1
2 1949 1
5 1949 1
1 1950 1
1 1951 1
4 1951 2
8 1951 2
4 1952 1
10 1953 1
5 1954 1
1 1955 1
4 1956 1
5 1957 1
2 1958 1
10 1959 1
1 1960 1
4 1961 1
10 1962 1
0 1963 1
0 1964 1
10 1965 1
3 1966 1
10 1967 1
3 1968 1
5 1969 1
7 1969 3
5 1970 1
10 1971 1
8 1972 2
5 1973 1
0 1974 1
10 1975 1
0 1976 1
10 1977 1
5 1978 1
2 1979 1
8 1980 2
0 1981 1
10 1982 1
4 1983 1
8 1983 2
10 1984 1
7 1985 2
8 1985 2
1 1986 1
0 1987 1
4 1988 1
3 1989 1
10 1990 1
2 1991 1
5 1992 1
10 1993 1
4 1994 1
2 1995 1
4 1996 1
5 1997 1
3 1998 1
5 1999 1
0 2000 1
10 2001 1
1 2002 1
4 2002 1
3 2003 3
3 2004 1
9 2005 2
5 2006 1
5 2007 1
2 2008 1
2 2009 1
4 2010 1
1 2011 1
4 2012 1
1 2013 1
5 2014 1
4 2015 1
2 2016 1
4 2017 1
5 2018 1
3 2019 1
9 2020 2
1 2021 1
5 2022 1
1 2023 1
2 2023 1
5 2023 1
5 2024 1
6 2024 2
2 2025 1
2 2026 1
5 2027 1
1 2028 1
10 2029 1
0 2030 1
0 2031 1
10 2032 1
5 2033 1
1 2034 1
10 2035 1
5 2036 1
10 2037 1
1 2038 1
5 2039 1
4 2040 1
4 2041 2
5 2041 3
7 2041 2
5 2042 1
0 2043 1
5 2044 1
0 2045 1
3 2046 3
2 2047 1
3 2048 1
4 2049 1
3 2050 1
4 2051 1
2 2052 1
3 2053 1
8 2054 3
3 2055 1
0 2056 1
3 2057 1
10 2058 1
10 2059 1
0 2060 2
1 2060 4
4 2060 2
5 2060 3
6 2060 5
7 2060 3
8 2060 2
9 2060 4
4 2061 1
0 2062 1
1 2063 1
5 2064 1
5 2065 1
1 2066 1
10 2067 1
8 2068 2
10 2069 1
7 2070 2
8 2070 4
1 2071 1
5 2072 1
0 2073 1
5 2073 1
1 2074 1
1 2075 1
2 2076 1
4 2077 1
3 2078 1
10 2079 1
3 2080 1
4 2080 2
2 2081 1
2 2082 1
0 2083 1
4 2083 1
2 2084 1
5 2084 1
8 2085 2
1 2086 1
2 2087 1
5 2088 1
8 2089 2
0 2090 1
8 2091 2
0 2092 1
1 2093 1
5 2094 1
5 2095 1
0 2096 1
2 2097 1
5 2098 1
5 2099 1
5 2100 1
1 2101 1
5 2102 4
10 2103 1
2 2104 1
3 2105 1
0 2106 1
5 2107 1
10 2108 1
1 2109 1
5 2110 1
10 2111 1
2 2112 3
5 2112 1
4 2113 1
5 2114 1
4 2115 1
5 2116 1
4 2117 1
9 2117 2
4 2118 1
4 2119 1
9 2119 2
5 2120 1
5 2121 1
1 2122 1
4 2123 1
1 2124 1
2 2124 1
4 2125 1
5 2126 1
2 2127 1
4 2128 1
5 2129 1
0 2130 1
9 2130 2
3 2131 1
3 2132 1
4 2132 2
4 2133 1
3 2134 1
10 2135 1
5 2136 1
1 2137 1
10 2138 1
10 2139 1
0 2140 1
1 2140 1
3 2140 1
4 2140 1
5 2140 4
6 2140 3
7 2140 2
5 2141 1
2 2142 1
8 2143 2
10 2144 1
1 2145 1
10 2146 1
1 2147 1
4 2148 1
5 2149 1
4 2150 1
10 2151 1
4 2152 1
2 2153 3
5 2153 1
0 2154 1
9 2155 2
1 2156 1
4 2157 1
10 2158 1
3 2159 1
4 2159 1
5 2159 1
3 2160 1
5 2161 1
4 2162 1
5 2163 1
0 2164 1
4 2165 1
2 2166 1
9 2167 2
2 2168 1
0 2169 1
0 2170 1
2 2170 1
5 2170 1
4 2171 1
0 2172 1
4 2173 1
10 2173 1
9 2174 2
10 2175 1
4 2176 1
10 2176 1
0 2177 1
0 2178 1
2 2178 1
3 2178 1
4 2178 1
3 2179 1
3 2180 1
5 2181 1
5 2182 1
4 2183 1
2 2184 1
0 2185 1
1 2185 1
2 2185 2
3 2185 1
4 2185 2
8 2185 2
9 2185 3
1 2186 1
10 2187 1
5 2188 1
10 2189 1
2 2190 1
9 2191 2
10 2192 1
2 2193 1
10 2194 1
4 2195 1
10 2196 1
10 2197 1
4 2198 1
5 2198 1
3 2199 1
8 2200 2
5 2201 1
3 2202 1
4 2202 1
5 2202 1
8 2202 2
3 2203 1
3 2204 1
5 2205 1
0 2206 1
7 2207 2
1 2208 1
4 2209 1
3 2210 1
1 2211 1
4 2212 1
4 2213 1
4 2214 1
7 2215 2
0 2216 1
1 2216 3
2 2216 1
3 2216 1
4 2217 1
3 2218 2
5 2219 1
3 2220 1
4 2220 1
8 2221 2
9 2221 2
0 2222 1
4 2223 1
4 2224 1
10 2225 1
1 2226 1
3 2227 1
5 2228 1
2 2229 1
9 2230 2
10 2231 1
0 2232 2
6 2232 2
0 2233 1
2 2234 1
10 2235 1
4 2236 1
4 2237 1
5 2238 1
3 2239 1
9 2240 2
5 2241 1
5 2242 1
5 2243 1
4 2244 1
2 2245 1
10 2246 1
8 2247 2
10 2248 1
2 2249 1
5 2250 1
1 2251 1
10 2252 1
5 2253 1
5 2254 1
2 2255 1
10 2256 1
4 2257 1
4 2258 1
5 2259 1
5 2260 1
10 2261 1
4 2262 1
4 2263 1
10 2264 1
2 2265 1
2 2266 1
3 2266 2
4 2266 3
2 2267 1
5 2268 1
2 2269 1
10 2270 1
6 2271 2
1 2272 1
10 2273 1
5 2274 3
5 2275 1
5 2276 1
10 2277 1
9 2278 2
1 2279 1
0 2280 1
0 2281 1
0 2282 1
1 2283 1
3 2284 1
0 2285 1
5 2286 1
10 2287 1
1 2288 1
0 2289 1
1 2290 1
0 2291 1
4 2292 1
5 2293 1
5 2294 1
4 2295 1
1 2296 1
0 2297 1
4 2297 1
1 2298 1
10 2299 1
2 2300 1
4 2300 1
5 2300 1
3 2301 2
4 2301 1
5 2302 1
1 2303 1
1 2304 1
3 2305 1
5 2306 1
3 2307 1
0 2308 1
1 2308 1
4 2308 1
4 2309 1
5 2309 1
5 2310 1
5 2311 1
5 2312 1
10 2313 1
5 2314 1
10 2315 1
5 2316 1
4 2317 1
5 2318 1
5 2319 1
5 2320 1
10 2321 1
8 2322 2
10 2323 1
1 2324 1
1 2325 1
4 2326 1
7 2327 2
10 2328 1
8 2329 2
1 2330 1
10 2331 2
1 2332 1
0 2333 1
2 2334 1
3 2335 1
0 2336 1
10 2337 1
1 2338 1
10 2339 1
3 2340 1
10 2341 1
1 2342 1
1 2343 1
1 2344 1
2 2344 1
4 2345 1
2 2346 1
4 2347 1
4 2348 1
5 2349 1
0 2350 1
0 2351 2
3 2351 1
5 2351 1
3 2352 1
1 2353 1
10 2354 1
3 2355 1
2 2356 1
5 2357 1
2 2358 1
10 2359 1
5 2360 1
4 2361 1
2 2362 1
2 2363 1
3 2364 1
5 2365 1
10 2366 1
3 2367 1
2 2368 1
9 2369 2
0 2370 1
1 2371 1
3 2372 1
1 2373 1
3 2373 1
3 2374 1
4 2375 1
1 2376 1
3 2377 1
1 2378 1
3 2379 1
4 2380 1
5 2380 1
3 2381 1
5 2382 1
5 2383 1
1 2384 1
3 2385 1
4 2386 1
10 2387 1
5 2388 1
0 2389 1
1 2389 1
3 2390 1
2 2391 1
9 2392 2
3 2393 1
7 2394 2
0 2395 1
4 2396 1
0 2397 1
5 2398 1
4 2399 1
5 2400 1
5 2401 1
4 2402 1
10 2403 1
3 2404 1
5 2405 1
7 2405 2
9 2406 2
4 2407 1
10 2408 1
1 2409 1
1 2410 1
6 2411 2
5 2412 1
3 2413 1
5 2414 1
2 2415 1
2 2416 1
5 2417 3
8 2417 2
0 2418 1
1 2418 1
5 2419 1
1 2420 1
2 2421 1
5 2422 1
10 2423 1
10 2424 1
0 2425 1
2 2426 1
2 2427 1
10 2427 1
4 2428 1
5 2428 2
2 2429 1
5 2429 1
10 2430 1
5 2431 1
5 2432 1
10 2433 1
1 2434 1
4 2435 1
2 2436 1
8 2437 2
1 2438 1
4 2439 1
2 2440 1
10 2441 1
5 2442 1
10 2443 1
5 2444 1
5 2445 1
9 2446 2
4 2447 1
2 2448 1
10 2449 1
4 2450 1
5 2451 1
1 2452 1
2 2452 1
8 2453 2
10 2454 1
1 2455 1
2 2455 1
5 2456 1
5 2457 1
0 2458 1
2 2459 1
3 2459 1
4 2459 1
2 2460 1
1 2461 1
2 2462 1
10 2463 1
10 2464 1
0 2465 1
5 2466 1
5 2467 1
3 2468 1
4 2468 1
4 2469 1
10 2470 1
5 2471 1
5 2472 1
5 2473 1
10 2474 1
4 2475 1
10 2475 1
5 2476 1
3 2477 1
1 2478 1
0 2479 1
1 2480 3
2 2480 1
4 2480 1
4 2481 1
9 2481 2
3 2482 1
5 2483 1
3 2484 1
10 2485 1
5 2486 1
0 2487 1
2 2488 1
3 2489 1
10 2490 1
0 2491 1
4 2491 1
5 2491 1
5 2492 1
10 2493 1
0 2494 1
1 2495 1
5 2496 1
4 2497 1
5 2498 1
9 2499 3
0 2500 1
3 2500 2
5 2501 1
5 2502 1
0 2503 1
3 2504 1
7 2505 2
10 2506 1
2 2507 1
5 2507 1
4 2508 1
10 2509 1
10 2510 1
5 2511 1
9 2512 2
3 2513 1
0 2514 1
1 2514 1
4 2514 1
7 2514 2
10 2514 1
5 2515 1
5 2516 1
5 2517 1
5 2518 1
10 2519 1
5 2520 1
5 2521 3
10 2522 1
10 2523 1
3 2524 2
0 2525 1
10 2526 1
2 2527 1
0 2528 1
2 2529 1
3 2529 1
4 2529 1
9 2529 3
3 2530 1
0 2531 1
4 2532 1
10 2533 1
10 2534 1
5 2535 1
9 2535 2
10 2535 1
2 2536 1
5 2536 1
1 2537 1
2 2538 1
4 2539 1
3 2540 1
5 2541 1
0 2542 1
5 2543 1
4 2544 1
8 2545 2
1 2546 1
4 2547 1
10 2548 1
0 2549 1
5 2550 1
3 2551 1
0 2552 1
10 2553 1
3 2554 1
5 2555 1
0 2556 1
3 2557 1
3 2558 1
5 2559 1
1 2560 1
5 2561 1
3 2562 1
2 2563 1
3 2563 1
4 2563 1
2 2564 1
4 2565 1
8 2566 2
10 2567 1
4 2568 1
3 2569 2
4 2569 1
0 2570 1
4 2571 1
1 2572 1
4 2573 1
5 2574 1
3 2575 1
9 2575 2
10 2575 1
2 2576 1
10 2577 1
2 2578 1
10 2579 1
2 2580 1
3 2580 1
4 2580 1
5 2580 1
7 2580 2
3 2581 4
4 2582 1
4 2583 1
5 2584 1
5 2585 1
4 2586 1
1 2587 1
4 2588 1
2 2589 1
2 2590 1
4 2591 1
0 2592 1
5 2593 1
10 2594 1
10 2595 1
1 2596 1
2 2597 1
4 2598 1
8 2599 2
5 2600 1
10 2601 1
2 2602 1
0 2603 1
1 2603 1
5 2604 1
3 2605 1
10 2606 1
4 2607 1
5 2608 1
0 2609 1
4 2610 1
5 2610 1
5 2611 1
3 2612 1
4 2613 1
4 2614 1
9 2615 2
4 2616 1
5 2616 1
3 2617 1
10 2618 1
0 2619 1
3 2620 1
5 2621 1
0 2622 1
5 2623 1
0 2624 1
3 2625 1
1 2626 1
2 2626 2
3 2627 1
7 2628 3
2 2629 1
4 2630 1
5 2630 1
4 2631 1
5 2632 1
2 2633 1
3 2634 1
8 2635 2
10 2636 1
10 2637 1
1 2638 1
5 2639 1
2 2640 1
5 2641 1
10 2642 1
1 2643 1
3 2644 1
4 2645 1
9 2646 2
10 2646 1
10 2647 1
1 2648 1
4 2648 2
5 2648 1
6 2648 2
7 2648 4
2 2649 1
5 2650 1
4 2651 1
5 2652 1
0 2653 1
3 2654 1
4 2654 1
10 2655 1
10 2656 1
0 2657 1
10 2658 1
8 2659 2
0 2660 1
4 2661 1
5 2662 1
1 2663 1
2 2664 2
9 2665 2
10 2666 1
2 2667 1
5 2667 1
2 2668 1
3 2669 1
5 2670 1
10 2671 1
10 2672 1
10 2673 1
10 2674 1
10 2675 1
0 2676 1
10 2677 1
1 2678 1
10 2679 1
3 2680 1
6 2681 2
10 2682 1
4 2683 1
1 2684 1
10 2685 1
3 2686 1
2 2687 1
3 2688 1
1 2689 1
4 2690 1
10 2691 1
10 2692 1
2 2693 1
6 2694 3
6 2695 2
0 2696 1
5 2697 1
10 2697 1
0 2698 1
5 2699 1
2 2700 1
9 2701 2
9 2702 2
1 2703 1
3 2704 1
5 2705 1
4 2706 1
0 2707 1
10 2707 1
9 2708 2
8 2709 2
5 2710 1
2 2711 1
4 2712 1
5 2713 1
2 2714 1
2 2715 1
8 2716 2
10 2717 1
5 2718 1
9 2719 2
10 2720 1
1 2721 1
10 2722 1
5 2723 1
10 2724 1
5 2725 1
9 2726 2
10 2727 1
10 2728 1
0 2729 1
1 2729 1
2 2729 2
3 2729 1
4 2729 3
7 2729 4
8 2729 2
9 2729 3
2 2730 1
0 2731 1
0 2732 1
3 2733 1
0 2734 1
10 2735 1
3 2736 1
3 2737 1
4 2738 1
2 2739 1
10 2740 1
8 2741 2
10 2742 1
0 2743 1
10 2744 1
2 2745 1
3 2746 1
5 2747 1
2 2748 1
8 2749 2
9 2750 2
10 2751 1
0 2752 1
0 2753 1
5 2754 1
10 2755 1
5 2756 1
0 2757 1
4 2758 1
1 2759 1
2 2760 1
0 2761 1
0 2762 1
2 2763 1
8 2764 3
1 2765 1
3 2766 1
10 2767 1
2 2768 1
5 2769 1
10 2770 1
3 2771 1
10 2772 1
0 2773 1
0 2774 1
3 2775 1
4 2776 1
5 2777 1
4 2778 1
9 2779 2
1 2780 1
2 2781 1
0 2782 1
3 2783 1
10 2784 1
5 2785 1
4 2786 1
7 2787 3
7 2788 2
10 2788 1
1 2789 1
5 2790 1
0 2791 1
3 2792 1
3 2793 1
8 2793 2
10 2793 1
4 2794 1
5 2794 1
5 2795 2
7 2795 2
1 2796 1
0 2797 1
0 2798 1
5 2799 1
10 2800 1
5 2801 1
3 2802 2
2 2803 1
5 2803 1
3 2804 1
3 2805 1
10 2806 1
3 2807 1
7 2808 2
10 2808 1
5 2809 1
3 2810 1
8 2810 2
9 2810 2
4 2811 1
3 2812 1
4 2812 1
9 2812 2
10 2812 1
10 2813 1
0 2814 1
2 2815 1
5 2816 1
4 2817 1
4 2818 1
2 2819 1
5 2820 1
5 2821 1
2 2822 1
5 2823 1
10 2824 1
10 2825 1
10 2826 1
0 2827 1
4 2828 1
0 2829 6
1 2829 5
2 2829 2
3 2829 3
4 2829 3
5 2829 4
6 2829 7
7 2829 4
8 2829 5
9 2829 2
10 2830 1
6 2831 2
1 2832 1
1 2833 1
1 2834 1
5 2835 1
1 2836 1
10 2837 1
10 2838 1
5 2839 1
10 2840 1
1 2841 1
9 2842 2
5 2843 1
0 2844 1
2 2844 1
3 2845 1
1 2846 1
2 2847 1
4 2848 1
4 2849 1
7 2850 3
0 2851 1
1 2852 1
4 2853 1
9 2854 2
10 2855 1
10 2856 1
10 2857 1
5 2858 1
4 2859 1
10 2860 1
0 2861 1
1 2862 1
2 2862 1
3 2863 1
4 2863 1
5 2863 1
0 2864 1
1 2865 1
4 2866 1
5 2866 1
2 2867 1
0 2868 1
2 2868 1
0 2869 1
6 2870 2
2 2871 1
2 2872 1
3 2872 1
1 2873 1
5 2874 1
3 2875 1
0 2876 1
0 2877 1
5 2877 1
1 2878 1
2 2878 1
3 2878 4
4 2878 2
5 2879 1
2 2880 1
2 2881 1
4 2881 1
4 2882 1
7 2883 2
9 2883 3
10 2884 1
2 2885 1
5 2886 1
1 2887 1
4 2888 1
3 2889 1
2 2890 1
1 2891 1
2 2891 2
4 2892 1
5 2892 1
0 2893 1
0 2894 1
1 2894 1
0 2895 1
10 2896 1
5 2897 1
10 2898 1
1 2899 1
2 2900 1
5 2900 1
5 2901 1
4 2902 1
10 2903 1
1 2904 1
4 2905 1
10 2906 1
5 2907 1
2 2908 1
4 2909 1
3 2910 1
3 2911 1
5 2912 1
0 2913 1
2 2914 1
2 2915 1
2 2916 1
0 2917 1
2 2918 1
2 2919 1
10 2920 1
4 2921 1
2 2922 1
2 2923 1
8 2923 3
10 2924 1
3 2925 1
10 2926 1
3 2927 1
0 2928 1
2 2929 1
4 2930 1
5 2931 1
10 2932 1
4 2933 1
2 2934 1
10 2935 1
2 2936 1
5 2937 1
10 2938 1
5 2939 1
1 2940 1
9 2941 2
2 2942 1
3 2943 1
5 2944 1
1 2945 1
1 2946 1
2 2946 1
5 2946 1
9 2946 2
10 2947 1
1 2948 1
2 2949 1
4 2950 1
4 2951 1
5 2952 1
2 2953 1
5 2954 1
4 2955 1
3 2956 1
10 2957 1
0 2958 1
2 2958 2
10 2959 1
1 2960 1
10 2961 1
3 2962 1
5 2963 1
3 2964 1
10 2965 1
2 2966 1
10 2967 1
0 2968 1
2 2969 1
10 2970 1
4 2971 1
3 2972 1
5 2973 1
2 2974 1
6 2974 2
5 2975 1
5 2976 1
9 2976 3
1 2977 1
10 2978 1
4 2979 1
2 2980 1
0 2981 1
4 2982 1
1 2983 1
2 2983 1
0 2984 1
0 2985 1
1 2986 1
5 2986 1
9 2987 2
3 2988 1
0 2989 1
3 2990 1
7 2991 3
5 2992 1
5 2993 1
3 2994 1
7 2995 4
8 2995 2
1 2996 1
10 2997 1
1 2998 1
0 2999 1
0 3000 1
0 3001 1
10 3002 1
4 3003 1
1 3004 1
4 3005 1
5 3006 1
1 3007 1
7 3008 2
10 3009 1
5 3010 1
5 3011 1
4 3012 1
2 3013 1
10 3014 1
10 3015 1
0 3016 1
5 3017 1
10 3018 1
0 3019 1
3 3020 1
3 3021 1
4 3022 1
2 3023 1
3 3024 1
4 3024 1
5 3024 1
6 3024 3
9 3024 3
10 3024 2
10 3025 1
5 3026 1
3 3027 1
1 3028 1
3 3029 1
4 3030 1
5 3030 1
6 3030 4
7 3030 3
5 3031 1
1 3032 1
1 3033 1
5 3034 1
8 3035 2
0 3036 1
1 3036 1
9 3037 2
10 3038 1
1 3039 1
0 3040 1
2 3041 1
10 3042 1
4 3043 1
4 3044 1
8 3045 2
3 3046 1
5 3046 1
2 3047 1
4 3048 1
4 3049 1
10 3050 1
2 3051 1
4 3052 1
2 3053 1
3 3054 1
2 3055 1
5 3056 1
4 3057 1
5 3058 1
10 3058 1
2 3059 1
10 3060 1
2 3061 1
0 3062 1
0 3063 1
2 3064 1
2 3065 1
10 3066 1
3 3067 1
4 3068 1
5 3069 1
4 3070 2
8 3070 2
4 3071 1
1 3072 1
0 3073 1
5 3074 1
2 3075 1
0 3076 1
1 3077 2
2 3077 1
5 3078 1
4 3079 1
7 3079 2
10 3079 1
5 3080 1
7 3080 2
0 3081 1
3 3082 1
0 3083 1
10 3084 1
4 3085 2
5 3085 3
6 3085 3
7 3085 4
10 3086 1
5 3087 1
5 3088 1
5 3089 1
5 3090 1
0 3091 1
4 3092 1
1 3093 1
2 3093 1
5 3094 1
2 3095 1
2 3096 1
1 3097 1
2 3098 1
1 3099 1
0 3100 1
2 3100 1
3 3100 2
0 3101 1
4 3101 1
0 3102 1
10 3103 1
5 3104 1
10 3105 1
5 3106 1
5 3107 1
1 3108 1
4 3109 1
0 3110 1
2 3111 1
4 3112 1
10 3113 1
1 3114 1
3 3114 1
0 3115 1
4 3116 1
5 3117 1
10 3118 1
6 3119 2
5 3120 1
4 3121 1
3 3122 1
4 3122 1
5 3122 2
5 3123 1
9 3123 2
10 3123 1
5 3124 1
10 3125 1
2 3126 2
5 3126 1
4 3127 1
4 3128 1
3 3129 1
5 3130 1
1 3131 1
10 3132 1
5 3133 1
10 3134 1
1 3135 1
4 3136 1
5 3137 1
3 3138 1
4 3139 1
10 3140 1
0 3141 2
5 3142 1
10 3143 1
4 3144 1
2 3145 1
5 3146 1
5 3147 1
6 3148 2
1 3149 1
3 3149 1
0 3150 1
2 3151 1
7 3152 2
2 3153 1
5 3154 1
3 3155 1
9 3156 2
5 3157 1
5 3158 1
10 3159 1
5 3160 1
4 3161 1
5 3162 1
0 3163 1
5 3164 1
3 3165 1
5 3166 1
10 3167 1
5 3168 1
6 3168 2
2 3169 1
3 3170 1
8 3171 2
5 3172 1
5 3173 1
2 3174 1
1 3175 1
5 3176 1
0 3177 1
5 3178 1
5 3179 1
3 3180 1
5 3181 1
5 3182 1
0 3183 1
1 3183 2
9 3184 3
10 3184 1
0 3185 1
2 3186 1
0 3187 1
2 3188 1
4 3189 1
5 3190 1
4 3191 1
4 3192 1
5 3192 1
7 3192 4
3 3193 1
1 3194 1
6 3194 2
2 3195 1
10 3195 1
5 3196 1
4 3197 1
4 3198 1
10 3199 1
0 3200 1
0 3201 1
0 3202 1
3 3203 1
5 3204 1
2 3205 1
5 3206 1
6 3207 2
0 3208 1
2 3209 1
3 3209 1
0 3210 1
10 3211 1
2 3212 1
2 3213 1
10 3214 1
0 3215 1
2 3216 1
9 3217 2
10 3217 1
4 3218 1
3 3219 1
10 3220 1
1 3221 1
10 3222 1
3 3223 1
1 3224 1
2 3224 1
3 3224 1
4 3224 1
5 3224 3
6 3224 2
3 3225 1
4 3226 1
1 3227 1
2 3228 1
3 3228 1
4 3228 1
7 3228 3
5 3229 1
1 3230 1
2 3230 1
5 3231 1
2 3232 1
5 3233 1
10 3234 1
10 3235 1
0 3236 1
9 3237 2
1 3238 1
5 3239 1
1 3240 1
10 3241 1
3 3242 1
5 3243 1
10 3244 1
5 3245 1
10 3246 1
0 3247 1
2 3248 1
10 3249 1
10 3250 1
4 3251 1
2 3252 1
7 3253 2
5 3254 1
0 3255 1
2 3256 1
4 3257 1
10 3258 1
10 3259 1
5 3260 1
1 3261 1
5 3261 1
2 3262 1
5 3263 1
5 3264 2
2 3265 1
5 3266 1
10 3267 1
3 3268 1
4 3269 1
3 3270 1
2 3271 1
3 3272 1
2 3273 1
5 3274 1
3 3275 1
3 3276 1
2 3277 1
2 3278 1
5 3279 1
2 3280 1
5 3281 1
8 3281 2
5 3282 1
5 3283 1
5 3284 1
2 3285 1
3 3286 1
2 3287 1
6 3288 2
3 3289 1
4 3290 1
5 3291 1
6 3291 3
4 3292 1
2 3293 1
5 3294 1
0 3295 1
5 3296 2
10 3297 1
9 3298 2
4 3299 1
2 3300 1
10 3301 1
3 3302 1
0 3303 1
1 3303 3
2 3303 2
4 3304 1
2 3305 1
4 3306 1
7 3306 2
5 3307 1
1 3308 1
4 3309 1
0 3310 1
3 3311 1
1 3312 1
2 3313 1
7 3314 2
2 3315 1
10 3316 1
3 3317 1
3 3318 1
10 3318 1
8 3319 2
5 3320 1
5 3321 1
4 3322 1
0 3323 1
5 3324 1
1 3325 1
1 3326 1
10 3327 1
4 3328 1
10 3329 1
2 3330 1
1 3331 1
10 3332 1
1 3333 1
4 3334 1
10 3334 1
2 3335 1
4 3336 1
5 3337 1
5 3338 1
1 3339 1
5 3340 1
5 3341 1
4 3342 1
5 3343 1
0 3344 1
10 3345 1
4 3346 1
5 3346 1
3 3347 1
9 3348 2
2 3349 1
2 3350 1
0 3351 1
5 3352 1
5 3353 1
7 3354 2
10 3355 1
1 3356 1
2 3357 1
5 3358 1
0 3359 1
2 3360 1
5 3361 1
9 3362 2
10 3363 1
10 3364 1
4 3365 1
1 3366 1
3 3367 1
9 3368 2
3 3369 1
10 3370 1
0 3371 2
2 3371 1
4 3371 1
4 3372 1
3 3373 1
5 3374 1
3 3375 1
4 3376 2
8 3377 2
10 3377 1
10 3378 1
1 3379 1
3 3380 1
5 3381 1
1 3382 1
5 3382 1
2 3383 1
4 3384 1
4 3385 1
8 3386 2
1 3387 1
4 3388 1
5 3388 1
2 3389 1
5 3390 1
6 3391 2
1 3392 1
1 3393 1
2 3394 1
5 3395 1
7 3396 2
10 3397 1
5 3398 1
10 3399 1
10 3400 1
5 3401 1
3 3402 1
5 3403 1
0 3404 1
10 3405 1
0 3406 1
4 3407 1
0 3408 1
4 3409 1
5 3410 1
9 3411 2
4 3412 1
4 3413 1
10 3414 1
2 3415 1
5 3416 1
1 3417 1
1 3418 1
2 3419 1
4 3420 1
10 3421 1
10 3422 1
0 3423 1
4 3424 1
7 3425 3
1 3426 1
5 3427 1
10 3428 1
0 3429 1
2 3430 1
5 3431 1
5 3432 1
4 3433 1
1 3434 1
0 3435 1
4 3436 2
10 3437 1
0 3438 1
0 3439 1
5 3440 1
10 3441 1
5 3442 1
4 3443 1
5 3444 1
10 3445 2
1 3446 1
10 3447 1
3 3448 1
4 3449 1
0 3450 1
4 3451 1
4 3452 1
5 3453 1
4 3454 1
1 3455 1
0 3456 1
6 3457 2
3 3458 1
5 3459 1
2 3460 1
10 3461 1
2 3462 1
10 3463 1
5 3464 1
2 3465 1
4 3465 3
2 3466 1
3 3467 1
0 3468 1
4 3469 1
4 3470 1
4 3471 1
0 3472 1
1 3472 3
10 3473 1
8 3474 2
2 3475 1
5 3476 1
3 3477 1
4 3478 1
10 3479 1
4 3480 1
2 3481 1
3 3482 1
10 3483 1
5 3484 1
3 3485 1
2 3486 1
5 3487 1
3 3488 1
10 3489 1
4 3490 1
4 3491 1
2 3492 1
10 3493 1
8 3494 2
0 3495 1
3 3496 1
4 3497 1
5 3498 1
7 3498 2
8 3498 3
8 3499 2
3 3500 1
4 3501 1
5 3502 1
5 3503 1
5 3504 1
5 3505 1
2 3506 1
5 3507 1
10 3508 1
10 3509 1
2 3510 1
10 3511 1
0 3512 1
5 3512 1
10 3513 1
0 3514 1
5 3515 1
9 3516 3
0 3517 1
1 3518 1
5 3518 1
4 3519 1
4 3520 1
1 3521 1
4 3522 1
4 3523 1
5 3523 1
0 3524 1
1 3525 1
2 3526 1
3 3527 1
10 3528 1
3 3529 1
1 3530 1
4 3531 1
0 3532 1
2 3533 1
10 3534 1
5 3535 1
0 3536 1
5 3537 1
9 3538 2
2 3539 1
1 3540 1
2 3540 2
1 3541 1
10 3542 1
5 3543 1
10 3544 1
5 3545 1
3 3546 1
8 3547 2
9 3547 2
4 3548 1
4 3549 1
5 3549 1
2 3550 1
4 3551 1
8 3552 2
4 3553 1
10 3554 1
3 3555 1
5 3556 1
1 3557 1
1 3558 1
5 3559 1
4 3560 1
3 3561 1
9 3562 2
5 3563 1
4 3564 2
2 3565 1
4 3566 1
5 3567 1
5 3568 1
5 3569 1
0 3570 1
1 3571 1
0 3572 1
4 3573 1
2 3574 1
3 3575 1
8 3576 2
9 3576 3
0 3577 1
0 3578 1
1 3579 1
5 3580 1
8 3581 3
3 3582 1
4 3583 1
0 3584 1
9 3585 3
5 3586 1
10 3587 1
1 3588 1
4 3589 1
10 3590 1
1 3591 1
6 3592 5
8 3592 4
1 3593 1
9 3594 3
10 3594 1
5 3595 1
8 3595 2
3 3596 1
10 3597 1
10 3598 1
4 3599 1
5 3600 1
4 3601 1
10 3602 1
4 3603 1
0 3604 1
4 3605 1
1 3606 1
7 3607 2
3 3608 1
5 3609 1
0 3610 1
5 3611 1
10 3612 1
4 3613 1
4 3614 1
5 3615 1
9 3616 2
2 3617 1
4 3618 2
10 3619 1
5 3620 1
5 3621 1
0 3622 1
4 3623 1
4 3624 1
2 3625 1
10 3626 1
1 3627 1
3 3628 2
2 3629 1
9 3630 2
5 3631 1
0 3632 1
0 3633 1
9 3634 2
1 3635 1
2 3636 1
9 3637 2
1 3638 1
5 3639 1
5 3640 1
2 3641 1
1 3642 1
0 3643 1
3 3644 1
2 3645 1
3 3646 1
4 3647 1
0 3648 1
1 3648 1
10 3649 1
10 3650 1
2 3651 1
5 3652 1
0 3653 1
10 3654 1
2 3655 1
5 3656 1
10 3657 1
3 3658 1
4 3659 1
5 3660 1
2 3661 1
0 3662 1
1 3663 1
5 3664 1
7 3665 3
5 3666 1
1 3667 1
5 3668 1
4 3669 1
5 3670 1
5 3671 1
3 3672 1
4 3673 1
10 3674 1
1 3675 1
3 3676 1
0 3677 1
10 3678 1
0 3679 1
10 3680 1
5 3681 1
9 3682 2
10 3682 1
10 3683 1
0 3684 1
4 3685 1
5 3686 1
5 3687 1
3 3688 1
5 3689 1
0 3690 1
4 3691 1
1 3692 1
0 3693 1
4 3694 1
10 3695 1
3 3696 1
5 3697 1
9 3698 2
2 3699 1
9 3699 2
4 3700 1
10 3701 1
4 3702 1
2 3703 1
8 3704 2
9 3704 3
4 3705 1
6 3706 2
5 3707 1
3 3708 1
5 3709 1
9 3710 2
2 3711 1
4 3712 1
4 3713 1
1 3714 1
0 3715 1
2 3716 1
0 3717 1
4 3718 1
8 3719 2
9 3719 3
4 3720 1
0 3721 1
3 3721 2
5 3722 1
5 3723 1
5 3724 1
5 3725 1
4 3726 1
4 3727 1
4 3728 1
1 3729 1
4 3730 1
10 3731 1
1 3732 1
5 3732 1
5 3733 2
10 3734 1
4 3735 1
10 3736 1
1 3737 1
5 3737 1
10 3737 1
3 3738 1
9 3739 2
5 3740 1
0 3741 1
0 3742 1
1 3742 1
4 3742 1
8 3742 2
0 3743 1
4 3744 1
3 3745 1
5 3746 1
4 3747 1
7 3748 2
10 3749 2
6 3750 2
8 3750 2
2 3751 1
5 3752 1
10 3753 1
4 3754 1
5 3755 1
3 3756 1
4 3757 1
4 3758 1
5 3759 1
2 3760 1
4 3761 1
2 3762 1
3 3763 1
5 3764 1
10 3765 1
8 3766 2
0 3767 1
10 3768 1
2 3769 1
4 3770 1
5 3770 1
5 3771 1
5 3772 1
10 3773 1
0 3774 1
2 3774 1
3 3774 3
4 3774 3
5 3774 2
7 3774 2
5 3775 1
10 3776 1
5 3777 1
3 3778 1
10 3779 1
2 3780 1
10 3781 1
10 3782 1
5 3783 1
2 3784 1
6 3785 3
10 3785 1
8 3786 2
10 3786 1
10 3787 1
10 3788 1
1 3789 1
4 3790 1
6 3790 3
8 3790 4
5 3791 1
4 3792 1
8 3793 2
8 3794 2
5 3795 1
8 3795 2
9 3795 2
10 3795 1
9 3796 2
2 3797 1
0 3798 1
0 3799 1
0 3800 1
4 3801 1
5 3802 1
9 3803 2
4 3804 1
9 3805 2
10 3805 1
2 3806 1
5 3807 1
5 3808 1
5 3809 1
10 3809 1
2 3810 1
2 3811 1
4 3812 1
4 3813 1
0 3814 1
1 3815 1
10 3816 1
4 3817 1
5 3818 1
10 3819 1
4 3820 1
5 3820 1
5 3821 1
6 3821 2
4 3822 1
5 3823 1
5 3824 1
0 3825 1
1 3826 1
2 3827 1
5 3828 1
0 3829 1
0 3830 1
8 3831 2
1 3832 1
3 3833 1
3 3834 1
4 3835 1
5 3836 1
5 3837 1
1 3838 1
5 3839 1
4 3840 1
1 3841 1
2 3842 1
4 3843 1
10 3844 1
4 3845 1
3 3846 1
10 3847 1
3 3848 1
0 3849 1
0 3850 1
2 3851 1
3 3852 1
7 3853 2
1 3854 1
2 3855 1
10 3856 1
3 3857 1
4 3857 1
10 3858 1
0 3859 1
5 3860 1
5 3861 2
9 3861 4
4 3862 1
8 3863 2
10 3864 1
5 3865 1
4 3866 1
3 3867 1
3 3868 1
2 3869 1
1 3870 1
4 3871 1
10 3872 1
0 3873 1
4 3874 1
2 3875 1
4 3875 1
6 3875 3
8 3875 2
6 3876 2
1 3877 1
2 3878 1
1 3879 1
10 3880 1
6 3881 2
3 3882 1
4 3883 1
5 3883 2
6 3883 2
8 3883 2
6 3884 2
4 3885 1
0 3886 1
0 3887 1
0 3888 1
1 3888 1
5 3888 1
9 3888 2
5 3889 1
7 3890 3
0 3891 1
5 3892 1
2 3893 1
4 3894 1
5 3895 1
2 3896 1
2 3897 1
5 3897 1
5 3898 3
10 3899 1
0 3900 1
5 3901 1
3 3902 1
4 3902 1
5 3903 1
5 3904 1
9 3905 2
10 3905 2
4 3906 1
8 3906 2
5 3907 1
2 3908 1
2 3909 1
4 3910 1
4 3911 1
5 3912 1
10 3913 1
0 3914 1
2 3914 1
5 3914 1
3 3915 1
5 3916 1
2 3917 1
5 3918 1
4 3919 1
5 3920 1
5 3921 1
5 3922 1
2 3923 1
10 3924 1
10 3925 1
10 3926 1
4 3927 1
1 3928 1
2 3929 1
